visina <- c(188, 175, 194, 174, 192, 186, 198, 193)
tezina <- c(87, 64, 77, 96, 80, 75, 100, 82)
velicinaCipela <- c(48, 43, 47, 43, 45, 43, 49, 47)
prosek <- c(4.45, 4.77, 4.54, 5.00, 5.00, 4.92, 3.92, 4.77)